 CCX   40.923  -78.004        55
 CAE   33.949  -81.119        37
 JAN   32.318  -90.080        60
 BUF   42.949  -78.737        59
 ENX   42.586  -74.064        62
 NQA   35.345  -89.873        43
 FFC   33.363  -84.566        59
 RAX   35.665  -78.490        62
 BMX   33.172  -86.770        35
 ESX   35.701 -114.891        61
 ABR   45.456  -98.413        61
 LTX   33.989  -78.429        61
 FSD   43.588  -96.729        60
 BRO   25.916  -97.419        55
 MKX   42.968  -88.551        57
 PBZ   40.531  -80.218        59
 TLH   30.398  -84.329        55
 RGX   39.754 -119.461        58
 LWX   38.975  -77.478        57
 CLE   41.413  -81.860        57
 IND   39.708  -86.280        59
 MHX   34.776  -76.876        57
 ILX   40.151  -89.337        46
 LCH   30.125  -93.216        57
 AKQ   36.984  -77.008        60
 TWX   38.997  -96.232        59
 RLX   38.311  -81.723        59
 IWA   33.289 -111.669        52
 JAX   30.484  -81.702        58
 ATX   48.195 -122.494        59
 LZK   34.836  -92.262        61
 CBX   43.491 -116.234        60
 TBW   27.705  -82.402        41
 FSX   34.574 -111.197        55
 DLH   46.837  -92.210        60
 OKX   40.866  -72.864        56
 DMX   41.731  -93.723        62
 GYX   43.891  -70.257        60
 EWX   29.704  -98.028        59
 HNX   36.314 -119.631        63
 BIS   46.771 -100.760        34
 CBW   46.039  -67.807        57
 CLX   32.655  -81.042        61
 LIX   30.337  -89.825        53
 EAX   38.810  -94.264        38
 FTG   39.786 -104.545        59
 DIX   39.947  -74.411        58
 BGM   42.201  -75.985        58
 OHX   36.247  -86.563        59
 MTX   41.263 -112.447        62
 RTX   45.715 -122.964        55
 GRR   42.894  -85.545        56
 SFX   43.106 -112.685        60
 MLB   28.113  -80.654        59
 INX   36.175  -95.564        58
 MRX   36.168  -83.402        60
 CYS   41.152 -104.806        57
 AMA   35.233 -101.709        58
 DVN   41.612  -90.581        45
 ILN   39.420  -83.822        37
 MUX   37.155 -121.897        49
 DTX   42.700  -83.472        61
 FCX   37.024  -80.274        44
 SHV   32.451  -93.841        61
 LVX   37.975  -85.944        56
 AMX   25.611  -80.413        58
 GSP   34.883  -82.220        56
 PAH   37.068  -88.772        58
 BHX   40.499 -124.291        53
 LSX   38.699  -90.683        62
 FWS   32.573  -97.303        33
 MOB   30.679  -88.240        60
 GLD   39.366 -101.700        61
 BLX   45.854 -108.606        57
 MPX   44.849  -93.565        61
 ICT   37.654  -97.443        51
 PUX   38.459 -104.181        55
 TFX   47.460 -111.384        44
 GJX   39.062 -108.213        37
 GRB   44.498  -88.111        58
 DAX   38.501 -121.677        35
 LBB   33.654 -101.814        38
 LOT   41.604  -88.085        52
 DDC   37.761  -99.968        59
 PDT   45.691 -118.852        58
 ABX   35.150 -106.823        33
 MSX   47.041 -113.985        57
 SGF   37.235  -93.400        35
 OAX   41.320  -96.366        55
 MAF   31.943 -102.189        71
 TLX   35.333  -97.278        52
 BOX   41.956  -71.138        52
 HGX   29.472  -95.079        45
 VTX   34.412 -119.179        32
 BBX   39.493 -121.608        33
 FDX   34.635 -103.629        10
 MBX   48.393 -100.864        33
 EVX   30.564  -85.921        33
 MXX   32.537  -85.790        30
 ICX   37.591 -112.861        23
 FDR   34.362  -98.976        22
 IWX   41.359  -85.700        23
 SRX   35.291  -94.362        22
 SOX   33.818 -117.635        23
 EMX   31.894 -110.630         8
 LRX   40.740 -116.802         8
 UEX   40.321  -98.442         7
 APX   44.907  -84.720         8
 GGW   48.206 -106.624         8
 MQT   46.531  -87.548         8
 SJT   31.371 -100.492        14
 GRK   30.722  -97.383         7
 EOX   31.460  -85.459         7
 CXX   44.511  -73.166         7
 VBX   34.838 -120.396         7
 JKL   37.591  -83.313         7
 CRP   27.784  -97.511         7
 GWX   33.897  -88.329         7
 NKX   32.919 -117.041         3
 DOX   38.826  -75.440         7
 MVX   47.528  -97.325         7
 JGX   32.675  -83.351         7
 TYX   43.756  -75.680         7
 MAX   42.081 -122.716         6
 DYX   32.538  -99.254         6
 ARX   43.823  -91.191         7
 VNX   36.741  -98.128         7
 LNX   41.958 -100.576         7
 OTX   47.681 -117.626         7
 EYX   35.098 -117.560         7
 UDX   44.125 -102.829         7
 RIW   43.066 -108.477         6
 EPZ   31.873 -106.698         6
 DFX   29.273 -100.280         6
 VAX   30.890  -83.002         1
 BYX   24.597  -81.703         1
 HTX   34.931  -86.084         1
 HDX   33.076 -106.122         1
 ABC   60.793 -161.874         
 AHG   60.726 -151.349 
 JUA   18.118  -66.079
 GUA   13.453  144.811
 HKM   20.129 -155.781
 HKI   21.897 -159.555
 AEC   64.512 -165.293
 POE   31.155  -92.976
 HPX   36.737  -87.285
 AIH   59.462 -146.301
 HMO   21.136 -157.183
 HWA   19.098 -155.572
 ACG   56.853 -135.528
 APD   65.036 -147.499
 YUX   32.495 -114.656
 AKC   58.680 -156.627
